P75_CAP=4196.3229980469
P85_CAP=4267.1008300781
P90_CAP=4292.8940429688
P95_CAP=4324.8652343750
